1111111111111111111111111111111111111111111111111111111111111111111111111111111111111111111111111111111111111111111111111111111111111111111111111111111111111111
1111111111111111111111111111111111111111111111111111111111111111111111111111111111111111111111111111111111111111111111111111111111111111111111111111111111111111
1122222222222222222222222222222222222222222222222222222222222222222222222222222222222222222222222222226111111111122222222222222222222222222222222222222222222211
1122222222222222222222222222222222222222222222222222222222222222222222222222222222222222222222222222222611111111122222222222222222222222222222222222222222222211
1122222222222222222222222222222222222222222222222222222222222222222222222222222222222222222222222222222261111111122222222222222222222222222222222222222222222211
1122222222222222222222222222222222222222222222222222222222222222222222222222222222222222222222222222222226111111122222222222222222222222222222222222222222222211
1122222222222222222222222222222222222222222222222222222222222222222222222222222222222222222222222222222222611111122222222222222222222222222222222222222222222211
1122222222222222222222222222222222222222222222222222222222222222222222222222222222222222222222222222222222261111122222222222222222222022222222222222222222222211
1122222222222222222222222222222222222222222222222222222222222222222222222222222222222222222222222222222222226111122222222222222222222222222222222222222222222211
1122222222222222222222222222222222222222222222222222222222222222222222222222222222222222222222222222222222222611122222222222222222222222222222222222222222222211
1122222222222222222222222222222222222222222222222222222222222222222222222222222222222222222222222222222222222261122222222222222222222222222222222222222222222211
1122222222222222222222222222222222222222222222222222222222222222222222222222222222222222222222222222222222222221122222222222222222222222222222222222222222222211
1122222222222222222222222222222222222222222222222222222222222222222222222222222222222222222222222222222222222221122222222222222222222222222222222222222222222211
1122222222222222222222222222222222222222222222222222222222222222222222222222222222222222222222222222222222222221122222222222222222222222222222222222222222222211
1122222222222222222222222222222222222222222222222222222222222222222222222222222222222222222222222222222222222221122222222222222222222222222222222222222222222211
111111111111111111111111111111111111111111111111111111111111111111111111111111111111-222222222222222222222222221122222222222222222222222222222222222222222222211
1111111111111111111111111111111111111111111111111111111111111111111111111111111111118222222222222222222222222221122222222222222222222222222222222222222222222211
1122222222222222222222222222222222222222222222222222222222222222222222222222222222222222222222222222222222222221122222222222222222222222222222222222222222222211
1122222222222222222222222222222222222222222222222222222222222222222222222222222222222222222222222222222222222221133333333333333333333333333333333333333333333311
11222222222222222222222222222222222222222222222222222222222222222222222222222222222222222222222222222222222222211333333333333333333351=3333333333333333333333311
112222222222222222222222222222222222222222222222222222222222222222222222222222222222222222222222222222222222222113333333333333333335111=333333333333333333333311
1122222222222222222222222222222222222222222222222222222222222222222222222222222222222222222222222222222222222241133333333333333333511111=33333333333333333333311
11222222222222222222222222222222222222222222222222222222222222222222222222222222222222222222222222222222222224111333333333333333351111111=3333333333333333333311
112222222222222222222222222222222222222222222222222222222222222222222222222222222222222222222222222222222222411113333333333333335111111111=333333333333333333311
1122222222222222222222222222222222222222222222222222222222222222222222222222222222222222222222222222222222241111133333333333333311111111111333333333333333333311
1122222222222222222222222222222222222222222222222222222222222222222222222222222222222222222222222222222222411111133333333333333371111111119333333333333333333311
1122222222222222222222222222222222222222222222222222222222222222222222222222222222222222222222222222222224111111133333333333333337111111193333333333333333333311
1122222222222222222222222222222222222222222222222222222222222222222222222222222222222222222222222222222241111111133333333333333333711111933333333333333333333311
1122222222222222222222222222222222222222222222222222222222222222222222222222222222222222222222222222222411111111133333333333333333371119333333333333333333333311
1122222222222222222222222222222222222222222222222222222222222222222222222222222222222222222222222222224111111111133333333333333333337193333333333333333333333311
1122222222222222222222222222222222222222222222222222222222222222222222222222222222222222222222222222241111111111133333333333333333333333333333333333333333333311
1122222222222222222222222222222222222211111111111111111111111111111111111111111111111111111111111111111111111111133333333333333333333333333333333333333333333311
1122222222222222222222222222222222222222222222232222222222222222222222222222222222222222222222222222222222222222222222222222222222222222222222222222222222222211
1122222222222222222222222222222222222222222222333333223332322332222222222222222222322222222222222222222222222222222222222222222222222222222222222222222222222211
1122222222222222222222222222222222222222222222233333333333333232222222222222222222223333222332222222222222222222222222222222222222222222222222222222222222222211
1122222222222222222222222222222222222222222222222333333333233222222222222222222222233333333332222223322222222222222222222222222222222222222222222222222222222211
1122222222222222222222222222222222222222222222222222233333333222222222222322222222233333333322233223333333322222222222222222222222222222222222222222222222222211
1122222222222222222222222222222222222222222222232222223333223222222322222222222222233333332232323222333333332222222222222222222222222222222222222222222222222211
1122222222222222222222222222222222222222222223222322222222222222222322222322222222333333323232222222233332322222222222222222222222222222222222222222222222222211
1122222222222222222222222222222222222222223322332222222222222322222333322333222223333333323233222222233333323222222222222222222222222222222222222222222222222211
1122222222222222222222222222222222222223323333322322222222222222333333323222223223333333233223223222233333232222222222222222222222222222222222222222222222222211
1122222222222222222222222222222222222223233332222222223222223222333333322222322232333333322332322322233333322222222222222222222222222222222222222222222222222211
1122222222222222222222222222222222222233323332232222222222222323333333332222232222333333322223222233233333222222222222222222222222222222222222222222222222222211
1122222222222222222222222222222222222232332332222222222222222233333333332222223233333333322232223222233322222222222222222222222222222222222222222222222222222211
1122222222222222222222222222222222222222222222222222222222222333333333222222223222332333223222222222333222222222222222222222222222222222222222222222222222222211
1122222222222222222222222222222222222222222222222222222222223333333332222222222222233222222222222222222222222222222222222222222222222222222222222222222222222211
1122222222222222222222222222222222222222222222222222222222233332333222222222222222222222222222222222222222222222222222222222222222222222222222222222222222222211
1122222222222222222222222222222222222222222222222222222222222222222222222222222222222222222222222222222222222222222222222222222222222222222222222222222222222211
1122222222222222222222222222222222222211111111111111111111111111111111111111111111111111111111111111111111111111111122222222222222222222222222222222222222222211
1122222222222222222222222222222222222211111111111111111111111111111111111111111111111111111111111111111111111111111122222222222222222222222222222222222222222211
1122222222222222222222222222222222222222222222611111111111111111111111182222222222222222222222222222222222611111111122222222222222222222222222222222222222222211
1122222222222222222222222222222222222222222222261111111111111111111111822222222222222222222222222222222222261111111122222222222222222222222222222222222222222211
1122222222222222222222222222222222222222222222226111111111111111111118222222222222222222222222222222222222226111111122222222222222222222222222222222222222222211
1122222222222222222222222222222222222222222222222611111111111111111182222222222222222222222222222222222222222611111122222222222222222222222222222222222222222211
1122222222222222222222222222222222222222222222222261111111111111111822222222222222222222222222222222222222222261111122222222222222222222222222222222222222222211
1122222222222222222222222222222222222112222222222226111111111111118222222222222222222222222222222222222222222226111122222222222222222222222222222222222222222211
1122222222222222222222222222222222222112222222222222111111111111182222222222211111111111111111111222222222222222611122222222222222222222222222222222222222222211
1122222222222222222222222222222222222112222222222222111111111111122222222222211111111111111111111222222222222222261122222222222222222222222222222222222222222211
1122222222222222222222222222222222222112222222222222111111111111122222222222211111111111111111111222222222222222221122222222222222222222222222222222222222222211
1122222222222222222222222222222222222112222222222222111111111111122222222222211111111111111111111222222222222222221122222222222222222222222222222222222222222211
1122222222222222222222222222222222222112222222222222111111111111122222222222411111111111111111111222222222222222221122222222222222222222222222222222222222222211
1122222222222222222222222222222222222112222222222222111111111111122222222224111111111111111111111-22222222222222222222222222222222222222222222222222222222222211
11222222222222222222222222222222222221122222222222222222222222222222222222411111111111111111111111-2222222222222222222222222222222222222222222222222222222222211
112222222222222222222222222222222222211222222222222222222222222222222222241111111111111111111111111-222222222222222222222222222222222222222222222222222222222211
112222222222222222222222222222222222211-222222222222222222222222222222224111111111111111111111111111-22222222222222222222222222222222222222222222222222222222211
1122222222222222222222222222222222222111-222222222222222222222222222222411111111111111111111111111111-2222222222222222222222222222222222222222222222222222222211
11222222222222222222222222222222222221111-222222222222222222222222222241111111111111111111111111111111-222222222222222222222222222222222222222222222222222222211
112222222222222222222222222222222222211111-222222222222222222222222224111111111111111111111111111111111-22222222222222222222222222222222222222222222222222222211
1122222222222222222222222222222222222111111-222222222222222222222222411111111111111111111111111111111111-2222222222222222222222222222222222222222222222222222211
1122222222222222222222222222222222222111111111111111111111111111111111111111111111111111111111111111111111111111111112222222222222222222222222222222222222222211
1122222222222222222222222222222222222111111111111111111111111111111111111111111111111111111111111111111111111111111112222222222222222222222222222222222222222211
1122222222222222222222222222222222222222222222222222222222222222222222222222222222222222222222222222222222222222222222222222222222222222222222222222222222222211
1122222222222222222222222222222222222222222222222222222222222222222222222222222222222222222222222222222222222222222222222222222222222222222222222222222222222211
1122222222222222222222222222222222222222222222222222222222222222222222222222222222222222222222222222222222222222222222222222222222222222222222222222222222222211
1122222222222222222222222222222222222222222222222222222222222222222222222222222222222222222222222222222222222222222222222222222222222222222222222222222222222211
1122222222222222222222222222222222222222222222222222222222222222222222222222222222222222222222222222222222222222222222222222222222222222222222222222222222222211
1122222222222222222222222222222222222222222222222222222222222222222222222222222222222222222222222222222222222222222222222222222222222222222222222222222222222211
1122222222222222222222222222222222222222222222222222222222222222222222222222222222222222222222222222222222222222222222222222222222222222222222222222222222222211
1122222222222222222222222222222222222222222222222222222222222222222222222222222222222222222222222222222222222222222222222222222222222222222222222222222222222211
1122222222222222222222222222222222222222222222222222222222222222222222222222222222222222222222222222222222222222222222222222222222222222222222222222222222222211
1122222222222222222222222222222222222222222222222222222222222222222222222222222222222222222222222222222222222222222222222222222222222222222222222222222222222211
1122222222222222222222222222222222222222222222222222222222222222222222222222222222222222222222222222222222222222222222222222222222222222222222222222222222222211
1122222222222222222222222222222222222222222222222222222222222222222222222222222222222222222222222222222222222222222222222222222222222222222222222222222222222211
1122222222222222222222222222222222222222222222222222222222222222222222222222222222222222222222222222222222222222222222222222222222222222222222222222222222222211
1122222222222222222222222222222222222222222222222222222222222222222222222222222222222222222222222222222222222222222222222222222222222222222222222222222222222211
1122222222222222222222222222222222222222222222222222222222222222222222222222222222222222222222222222222222222222222222222222222222222222222222222222222222222211
1122222222222222222222222222222222222222222222222222222222222222222222222222222222222222222222222222222222222222222222222222222222222222222222222222222222222211
1122222222222222222222222222222222222222222222222222222222222222222222222222222222222222222222222222222222222222222222222222222222222222222222222222222222222211
1111111111111111111111111111111111111111111111111111111111111111111111111111111111111111111111111111111111111111111111111111111111111111111111111111111111111111
1111111111111111111111111111111111111111111111111111111111111111111111111111111111111111111111111111111111111111111111111111111111111111111111111111111111111111